v2.0 raw
00000005
00000007
00000001
00000000
00000000
00000000
0000000a
00000001
00000002
00000003
00000002
00000004
00000007
00000005
0000000f
00000001
00000002
0000000a
00000002
00000002
00000003
00000001
00000006
0000000a
00000008
00000006
00000044
00000001
00000002
00000003
00000005
00000020
0000000f
0000000a
0000000a
00000002
00000005
00000001
00000002
00000002
00000003
00000005
0000002b
00000001
00000003
00000009
00000002
00000003
00000001
00000005
0000000a
00000002
00000005
00000006
00000039
00000005
0000002b
00000001
00000004
00000003
00000001
00000003
00000009
00000002
00000004
00000007
00000005
0000000f
00000000